1.0,1.0,-0.4370749653317034,5.0,0.003666060511022806
2.0,1.0,-0.3076564255170524,5.0,0.004642650950700045
3.0,1.0,-0.661064846906811,6.0,0.007736871484667063
4.0,1.0,-0.37806140980683267,5.0,0.0026045588310807943
5.0,1.0,-0.6850909497588873,5.0,0.008919594809412956
6.0,1.0,-0.6180760823190212,6.0,0.005012506619095802
7.0,1.0,-0.3341867346316576,4.0,0.008382590487599373
8.0,1.0,-0.5786285465583205,6.0,0.007930819876492023
9.0,1.0,-0.33501210110262036,5.0,0.004639035556465387
10.0,1.0,-0.48868831619620323,5.0,0.009843401610851288
11.0,1.0,-0.25536189577542245,4.0,0.0031606366392225027
12.0,1.0,-0.26984636671841145,4.0,0.0061716195195913315
13.0,1.0,-0.636409904807806,7.0,0.005813900381326675
14.0,1.0,-0.5404112981632352,5.0,0.007500325329601765
15.0,1.0,-0.7345965984277427,6.0,0.006724256556481123
16.0,1.0,-0.2917234334163368,4.0,0.005802597384899855
17.0,1.0,-0.3948904713615775,4.0,0.009609273634850979
18.0,1.0,-0.32732898835092783,4.0,0.004576654173433781
19.0,1.0,-0.41305192932486534,5.0,0.004486598074436188
20.0,1.0,-0.6495521701872349,6.0,0.005586642771959305
21.0,1.0,-0.46073639765381813,5.0,0.008525839075446129
22.0,1.0,-0.30876690428704023,4.0,0.005266549997031689
23.0,1.0,-0.656403826083988,6.0,0.0025515411980450153
24.0,1.0,-0.2620506063103676,4.0,0.004503993317484856
25.0,1.0,-0.5322376671247184,6.0,0.0050164456479251385
26.0,1.0,-0.3894733116030693,5.0,0.004354540258646011
27.0,1.0,-0.4041314562782645,4.0,0.009858942590653896
28.0,1.0,-0.376638202695176,5.0,0.003270811168476939
29.0,1.0,-0.5031281691044569,5.0,0.008884018287062645
30.0,1.0,-0.5589278843253851,5.0,0.009238434955477715
31.0,1.0,-0.35582908149808645,4.0,0.006353083066642284
32.0,1.0,-0.8130710651166737,6.0,0.00471253739669919
33.0,1.0,-0.38338006660342216,4.0,0.0044866688549518585
34.0,1.0,-0.6628137324005365,6.0,0.009360726922750473
35.0,1.0,-0.3771855105878785,5.0,0.0018714760662987828
36.0,1.0,-0.3609947906807065,4.0,0.008218531496822834
37.0,1.0,-0.6917713936418295,6.0,0.004442580044269562
38.0,1.0,-0.5324872583150864,6.0,0.002720985561609268
39.0,1.0,-0.28978180419653654,4.0,0.005295968614518642
40.0,1.0,-0.7184026474133134,6.0,0.009537876583635807
41.0,1.0,-0.7828334742225707,7.0,0.006106906104832888
42.0,1.0,-0.52425950858742,5.0,0.008775784634053707
43.0,1.0,-0.6292998516000807,6.0,0.0039754086174070835
44.0,1.0,-0.6700225342065096,5.0,0.00817951001226902
45.0,1.0,-0.7553507168777287,6.0,0.002925185952335596
46.0,1.0,-0.5487890946678817,6.0,0.006865235511213541
47.0,1.0,-0.4372061863541603,5.0,0.003229282796382904
48.0,1.0,-0.53063435992226,6.0,0.0048488895408809185
49.0,1.0,-0.39509737910702825,4.0,0.007550772745162249
50.0,1.0,-0.3583876513876021,4.0,0.005310049746185541
51.0,1.0,-0.649946928024292,6.0,0.008318668231368065
52.0,1.0,-0.3539277189411223,5.0,0.003859028685837984
53.0,1.0,-0.8105731816031039,7.0,0.0031913374550640583
54.0,1.0,-0.5374475489370525,6.0,0.0028173900209367275
55.0,1.0,-0.6598577215336263,6.0,0.0033499491401016712
56.0,1.0,-0.5450530718080699,5.0,0.007643863093107939
57.0,1.0,-0.6117144131567329,6.0,0.003545051207765937
58.0,1.0,-0.6826576311141253,5.0,0.008925104513764381
59.0,1.0,-0.43020674493163824,5.0,0.0050834184512495995
60.0,1.0,-0.5434570200741291,5.0,0.009842738509178162
61.0,1.0,-0.4558205893263221,5.0,0.008537000976502895
62.0,1.0,-0.22479451284743845,4.0,0.0028258247766643763
63.0,1.0,-0.6201967187225819,5.0,0.009912330657243729
64.0,1.0,-0.5123257096856833,5.0,0.007446037605404854
65.0,1.0,-0.7498016324825585,6.0,0.0071116783656179905
66.0,1.0,-0.3884642794728279,5.0,0.005603150464594364
67.0,1.0,-0.3217890071682632,4.0,0.004634353797882795
68.0,1.0,-0.25067202979698777,4.0,0.0058490377850830555
69.0,1.0,-0.7553244184236974,6.0,0.003445624141022563
70.0,1.0,-0.6994655199814588,6.0,0.003721707733348012
71.0,1.0,-0.30804228340275586,5.0,0.0030805107671767473
72.0,1.0,-0.5434503480792046,5.0,0.00984976440668106
73.0,1.0,-0.7564083551988006,6.0,0.006810563616454601
74.0,1.0,-0.2718567717820406,4.0,0.004078781232237816
75.0,1.0,-0.5314125879667699,5.0,0.005273608025163412
76.0,1.0,-0.5562458448112011,5.0,0.009859874844551086
77.0,1.0,-0.6695737929549068,6.0,0.003665878204628825
78.0,1.0,-0.5713047650642693,6.0,0.006065763998776674
79.0,1.0,-0.46977329812943935,5.0,0.009122155606746674
80.0,1.0,-0.2859493736177683,5.0,0.0018656440079212189
81.0,1.0,-0.3063544442411512,5.0,0.0029994479846209288
82.0,1.0,-0.5664626974612474,5.0,0.007919201627373695
83.0,1.0,-0.5364752868190408,5.0,0.007917002774775028
84.0,1.0,-0.5124014571774751,6.0,0.0038874868769198656
85.0,1.0,-0.45253012888133526,5.0,0.009244965389370918
86.0,1.0,-0.656660309061408,5.0,0.00953042320907116
87.0,1.0,-0.593820565380156,5.0,0.009790864773094654
88.0,1.0,-0.3829734716564417,5.0,0.009014662355184555
89.0,1.0,-0.29823779594153166,4.0,0.008243790827691555
90.0,1.0,-0.28994898637756705,4.0,0.005114396568387747
91.0,1.0,-0.5101963309571147,6.0,0.004132399335503578
92.0,1.0,-0.38120276387780905,5.0,0.0028783073648810387
93.0,1.0,-0.4329869681969285,5.0,0.009198745712637901
94.0,1.0,-0.6266030520200729,6.0,0.007665041834115982
95.0,1.0,-0.3047800096683204,4.0,0.004968471359461546
96.0,1.0,-0.6590656377375126,6.0,0.008749429136514664
97.0,1.0,-0.6150285061448812,6.0,0.009665333665907383
98.0,1.0,-0.3256783480755985,4.0,0.006234548520296812
99.0,1.0,-0.6601126249879599,5.0,0.009638024494051933
100.0,1.0,-0.776150762103498,7.0,0.00405964907258749
